_viz_1 = nengo_gui.components.Slider(stim)
_viz_config[_viz_1].max_value = 5
_viz_config[_viz_1].min_value = -5
_viz_config[_viz_1].x = -0.14082469148281107
_viz_config[_viz_1].y = -0.3426097974611445
_viz_config[_viz_1].width = 0.13880909986945458
_viz_config[_viz_1].height = 0.1826023933493952
_viz_config[_viz_1].label_visible = True
_viz_2 = nengo_gui.components.Value(b)
_viz_config[_viz_2].max_value = 8
_viz_config[_viz_2].min_value = -8
_viz_config[_viz_2].show_legend = False
_viz_config[_viz_2].legend_labels = ['label_0']
_viz_config[_viz_2].synapse = 0.01
_viz_config[_viz_2].x = 0.13201115428229593
_viz_config[_viz_2].y = 0.7174047007011464
_viz_config[_viz_2].width = 0.31610425422313965
_viz_config[_viz_2].height = 0.20791646017212145
_viz_config[_viz_2].label_visible = True
_viz_net_graph = nengo_gui.components.NetGraph()
_viz_progress = nengo_gui.components.Progress()
_viz_config[_viz_progress].x = 0
_viz_config[_viz_progress].y = 0
_viz_config[_viz_progress].width = 100
_viz_config[_viz_progress].height = 100
_viz_config[_viz_progress].label_visible = True
_viz_sim_control = nengo_gui.components.SimControl()
_viz_config[_viz_sim_control].shown_time = 0.5
_viz_config[_viz_sim_control].kept_time = 4.0
_viz_config[a].pos=(-0.4013176582697065, 0.10628074078943177)
_viz_config[a].size=(0.1738026810721457, 0.3069680042691825)
_viz_config[b].pos=(-0.41132381574244287, 0.7525611721469604)
_viz_config[b].size=(0.16842028462615397, 0.11084810502489452)
_viz_config[model].pos=(0.8455689817304743, 0.6726031667707444)
_viz_config[model].size=(0.5071897828930233, 0.5071897828930233)
_viz_config[model].expanded=True
_viz_config[model].has_layout=True
_viz_config[stim].pos=(-0.42191574081461014, -0.40856636485129716)
_viz_config[stim].size=(0.1, 0.1)